22 serialization::archive 19 0 0 1400 800 20 50 2.000000000e+01 5.000000000e+01 1.400000000e+03 8.000000000e+02 1.300000000e+03 5.590000000e+02 7.000000000e+02 4.000000000e+02 3 3 0 0 0 0 0 0 2 0 0 0 5 1 0
0 1 0
1 1.000000000e+00 0.000000000e+00 0.000000000e+00 0.000000000e+00 0.000000000e+00 1.000000000e+00 0.000000000e+00 0.000000000e+00 0.000000000e+00 0.000000000e+00 1.000000000e+00 0.000000000e+00 0.000000000e+00 0.000000000e+00 0.000000000e+00 1.000000000e+00 0 0 4 0 0 0 7.490000000e+02 1.430000000e+02 8.950000000e+02 4.810000000e+02 5.140000000e+02 4.890000000e+02 7.520000000e+02 1.440000000e+02 0 0 3 0 4 1 0
2
3 1.000000000e+00 0.000000000e+00 0.000000000e+00 0.000000000e+00 0.000000000e+00 1.000000000e+00 0.000000000e+00 0.000000000e+00 0.000000000e+00 0.000000000e+00 1.000000000e+00 0.000000000e+00 0.000000000e+00 0.000000000e+00 0.000000000e+00 1.000000000e+00 7.000005245e-02 -6.425000429e-01 0.000000000e+00 2.785714865e-01 2.024999857e-01 0.000000000e+00 1.000000000e+00 5.000000000e-01 2.000000030e-01 4
4
5 1.000000000e+00 0.000000000e+00 0.000000000e+00 0.000000000e+00 0.000000000e+00 1.000000000e+00 0.000000000e+00 0.000000000e+00 0.000000000e+00 0.000000000e+00 1.000000000e+00 0.000000000e+00 0.000000000e+00 0.000000000e+00 0.000000000e+00 1.000000000e+00 2.785714865e-01 2.024999857e-01 0.000000000e+00 -2.657142878e-01 2.224999666e-01 0.000000000e+00 1.000000000e+00 5.000000000e-01 2.000000030e-01 4
6
7 1.000000000e+00 0.000000000e+00 0.000000000e+00 0.000000000e+00 0.000000000e+00 1.000000000e+00 0.000000000e+00 0.000000000e+00 0.000000000e+00 0.000000000e+00 1.000000000e+00 0.000000000e+00 0.000000000e+00 0.000000000e+00 0.000000000e+00 1.000000000e+00 -2.657142878e-01 2.224999666e-01 0.000000000e+00 7.428574562e-02 -6.399999857e-01 0.000000000e+00 1.000000000e+00 5.000000000e-01 2.000000030e-01 7.520000000e+02 1.440000000e+02 9 polyline1 3 5
8
9 1.000000000e+00 0.000000000e+00 0.000000000e+00 0.000000000e+00 0.000000000e+00 1.000000000e+00 0.000000000e+00 0.000000000e+00 0.000000000e+00 0.000000000e+00 1.000000000e+00 0.000000000e+00 0.000000000e+00 0.000000000e+00 0.000000000e+00 1.000000000e+00 7 0 9.580000000e+02 4.150000000e+02 1.019000000e+03 5.810000000e+02 5.050000000e+02 6.400000000e+02 5.050000000e+02 6.400000000e+02 3.400000000e+02 4.790000000e+02 3.880000000e+02 3.200000000e+02 9.560000000e+02 4.180000000e+02 6 0 4
10
11 1.000000000e+00 0.000000000e+00 0.000000000e+00 0.000000000e+00 0.000000000e+00 1.000000000e+00 0.000000000e+00 0.000000000e+00 0.000000000e+00 0.000000000e+00 1.000000000e+00 0.000000000e+00 0.000000000e+00 0.000000000e+00 0.000000000e+00 1.000000000e+00 3.685714006e-01 3.750002384e-02 0.000000000e+00 4.557143450e-01 4.524999857e-01 0.000000000e+00 1.000000000e+00 5.000000000e-01 2.000000030e-01 4
12
13 1.000000000e+00 0.000000000e+00 0.000000000e+00 0.000000000e+00 0.000000000e+00 1.000000000e+00 0.000000000e+00 0.000000000e+00 0.000000000e+00 0.000000000e+00 1.000000000e+00 0.000000000e+00 0.000000000e+00 0.000000000e+00 0.000000000e+00 1.000000000e+00 4.557143450e-01 4.524999857e-01 0.000000000e+00 -2.785714269e-01 6.000000238e-01 0.000000000e+00 1.000000000e+00 5.000000000e-01 2.000000030e-01 4
14
15 1.000000000e+00 0.000000000e+00 0.000000000e+00 0.000000000e+00 0.000000000e+00 1.000000000e+00 0.000000000e+00 0.000000000e+00 0.000000000e+00 0.000000000e+00 1.000000000e+00 0.000000000e+00 0.000000000e+00 0.000000000e+00 0.000000000e+00 1.000000000e+00 -2.785714269e-01 6.000000238e-01 0.000000000e+00 -2.785714269e-01 6.000000238e-01 0.000000000e+00 1.000000000e+00 5.000000000e-01 2.000000030e-01 4
16
17 1.000000000e+00 0.000000000e+00 0.000000000e+00 0.000000000e+00 0.000000000e+00 1.000000000e+00 0.000000000e+00 0.000000000e+00 0.000000000e+00 0.000000000e+00 1.000000000e+00 0.000000000e+00 0.000000000e+00 0.000000000e+00 0.000000000e+00 1.000000000e+00 -2.785714269e-01 6.000000238e-01 0.000000000e+00 -5.142856836e-01 1.974999905e-01 0.000000000e+00 1.000000000e+00 5.000000000e-01 2.000000030e-01 4
18
19 1.000000000e+00 0.000000000e+00 0.000000000e+00 0.000000000e+00 0.000000000e+00 1.000000000e+00 0.000000000e+00 0.000000000e+00 0.000000000e+00 0.000000000e+00 1.000000000e+00 0.000000000e+00 0.000000000e+00 0.000000000e+00 0.000000000e+00 1.000000000e+00 -5.142856836e-01 1.974999905e-01 0.000000000e+00 -4.457142949e-01 -1.999999881e-01 0.000000000e+00 1.000000000e+00 5.000000000e-01 2.000000030e-01 4
20
21 1.000000000e+00 0.000000000e+00 0.000000000e+00 0.000000000e+00 0.000000000e+00 1.000000000e+00 0.000000000e+00 0.000000000e+00 0.000000000e+00 0.000000000e+00 1.000000000e+00 0.000000000e+00 0.000000000e+00 0.000000000e+00 0.000000000e+00 1.000000000e+00 -4.457142949e-01 -1.999999881e-01 0.000000000e+00 3.657143116e-01 4.499995708e-02 0.000000000e+00 1.000000000e+00 5.000000000e-01 2.000000030e-01 9.560000000e+02 4.180000000e+02 9 polyline1 3